0.5875
10.037500000000001
8.833333333333334
14.4
0.8
1.4666666666666668
27.666666666666668
0
24.8
0.5666666666666667
45.599999999999994
1.0666666666666667
5.666666666666667
11.25
5.5888888888888895
3.5
2.5
0.9875
2.0
2.7333333333333334
3.1
8.266666666666666
3.7652777777777775
17.025
1.6
0.43333333333333335
1.1
19.254166666666663
8.037499999999998
2.766666666666667
0
0.8666666666666667
0.6636363636363636
0.16666666666666669
11.433333333333334
0.13333333333333333
0.4666666666666667
19.3125
9.004166666666666
3.881818181818182
7.3999999999999995
0
0.2
0.125
14.966666666666667
6.066666666666667
1.6333333333333333
7.866666666666667
6.441666666666667
2.333333333333333
0
6.775000000000001
5.033333333333333
4.5
0
4.9
0.26805555555555555
8.366666666666667
5.331944444444446
0
1.6666666666666665
0.49999999999999994
0.0875
1.7
7.466666666666667
0.5
4.666666666666666
1.0
2.7499999999999996
7.779166666666667
6.433333333333334
6.1000000000000005
2.9333333333333336
14.11111111111111
9.6
1.4333333333333333
1.4
5.333333333333333
0.6333333333333333
2.5999999999999996
1.6333333333333333
0.3
0
16.5625
1.4375
2.475
0
1.4333333333333333
11.822727272727274
0
2.677777777777778
3.733333333333333
4.833333333333333
0.6666666666666666
1.7125
0
5.566666666666666
0
0.5333333333333333
0
